HDRFLASH1001WS00425  MOST COMPUTERS LTD.                ZACHARY MAVROV                                                        2016011201102016011120160111160110
SIT407339-B21                                      0         0         2                                     0         0
SIT470065-798                                      8         8         8                                     0         0
SIT503296-B21                                      0         0         2                                     0         0
SIT631679-B21                                      0         0         2                                     0         0
SIT647907-B21                                     10        10        10                                     0         0
SIT647909-B21                                      5         5         5                                     0         0
SIT652241-B21                                      0         0         2                                     0         0
SIT652564-B21                                     15        15        15                                     0         0
SIT657750-B21                                      0         0         8                                     0         0
SIT664046-B21                                      0         0         2                                     0         0
SIT665868-B21                                      0         0         2                                     0         0
SIT666988-B21                                      0         0         2                                     0         0
SIT684527-B21                                      0         0         3                                     0         0
SIT701591-A21                                      0         0        10                                     0         0
SIT701605-A21                                      0         0         1                                     0         0
SIT701606-A21                                      0         0        10                                     0         0
SIT708637-B21                                      0         0         6                                     0         0
SIT716591-B21                                      2         2         2                                     0         0
SIT719050-B21                                      5         5         5                                     0         0
SIT719050-L21                                      5         5         5                                     0         0
SIT719051-B21                                      2         2         2                                     0         0
SIT719064-B21                                      4         4         4                                     0         0
SIT719073-B21                                      1         1         1                                     0         0
SIT720478-B21                                      8         8        10                                     0         0
SIT720479-B21                                      2         2         2                                     0         0
SIT720865-B21                                      0         0         2                                     0         0
SIT726658-B21                                      4         4         9                                     0         0
SIT726719-B21                                     60        60        60                                     0         0
SIT726736-B21                                      0         0         2                                     0         0
SIT727250-B21                                      1         1         1                                     0         0
SIT731761-B21                                      0         0         8                                     0         0
SIT733660-B21                                      5         5         5                                     0         0
SIT733921-B21                                      2         2         2                                     0         0
SIT733925-B21                                      5         5         5                                     0         0
SIT744689-B21                                      4         4         4                                     0         0
SIT745813-B21                                      2         2         2                                     0         0
SIT748919-B21                                      0         0         2                                     0         0
SIT748920-B21                                     10        10        10                                     0         0
SIT748921-B21                                     10        10        46                                     0         0
SIT749974-B21                                      4         4         4                                     0         0
SIT752687-B21                                      0         0         1                                     0         0
SIT759210-B21                                     16        16        16                                     0         0
SIT761872-B21                                      1         1         1                                     0         0
SIT764632-B21                                      2         2         2                                     0         0
SIT765819-421                                      3         3         3                                     0         0
SIT765820-421                                    133       133       158                                     0         0
SIT765822-421                                     25        25        25                                     0         0
SIT767032-B21                                      1         1         1                                     0         0
SIT779164-B21                                      4         4         4                                     0         0
SIT779859-B21                                      0         0         1                                     0         0
SIT780851-425                                      2         2         2                                     0         0
SIT780852-425                                      4         4         4                                     0         0
SIT784108-425                                      0         0         1                                     0         0
SIT785069-B21                                     10        10        10                                     0         0
SIT788079-425                                      2         2         2                                     0         0
SIT788097-425                                      1         1         1                                     0         0
SIT814483-421                                     30        30        30                                     0         0
SIT815371-B21                                      8         8         8                                     0         0
SIT822448-425                                     20        20        20                                     0         0
SITAJ716B                                         18        18        18                                     0         0
SITAJ764A                                          4         4         4                                     0         0
SITBD505A                                          5         5         5                                     0         0
SITC5141F                                          0         0        10                                     0         0
SITC5707A                                          0         0        10                                     0         0
SITC5708A                                          0         0        11                                     0         0
SITC5709A                                          0         0         7                                     0         0
SITC7975A                                        150       150       157                                     0         0
SITC7976A                                        150       150       150                                     0         0
SITC7978A                                         10        10        10                                     0         0
SITC7998A                                          0         0         3                                     0         0
SITC8010A                                          0         0         8                                     0         0
SITE7W40A                                          0         0         1                                     0         0
SITJ9794A                                          0         0         8                                     0         0
SITJ9980A                                          0         0         5                                     0         0
SITJ9981A                                          0         0         5                                     0         0
SITJG923A                                          0         0         4                                     0         0
SITJG924A                                          0         0         5                                     0         0
SITJG926A                                          0         0         1                                     0         0
SITJG927A                                          0         0         3                                     0         0
SITJH016A                                          0         0         4                                     0         0
SITJH017A                                          0         0         2                                     0         0
SITK2Q17A                                          1         1         1                                     0         0
SITK2R80A                                          1         1         1                                     0         0
SITK8P42A                                          2         2         2                                     0         0
SITL9M79A                                          0         0         1                                     0         0
SITM0S96A                                          1         1         1                                     0         0
SITQ2009A                                          0         0         1                                     0         0
SITQK724A                                          8         8         8                                     0         0
CUS3721                    PARAFLOW COMMUNICATIONS LTD        OBORISHTE STR.103B                 1505     SOFIA                                       BG1223057655          
PRS3721                              E6U59ABE                                         0                                                                     BGL
TRL        92